Predicted on 3535 files. Results are as follows:

Confusion Matrix:
59	1	0	0	0	0	0	0	0	0	0	0	0
0	1252	0	2	0	2	1	10	0	0	0	0	0
0	0	103	1	0	0	0	0	0	0	0	0	0
0	4	0	128	0	0	0	0	0	0	0	0	0
0	0	3	0	15	0	0	0	0	0	0	0	0
0	0	0	0	0	96	0	1	0	0	0	0	0
0	1	0	0	0	0	409	3	0	0	0	0	0
0	2	0	0	0	0	0	1370	0	0	0	0	0
0	0	0	0	0	0	0	0	5	0	0	0	0
0	0	0	0	1	0	0	0	0	20	0	0	0
0	0	0	0	0	0	0	0	0	0	22	0	0
0	0	0	0	0	0	0	0	0	0	0	14	0
0	0	0	0	0	0	0	0	0	0	0	0	10

Classification Report:
              precision    recall  f1-score   support

         cpp       1.00      0.98      0.99        60
        json       0.99      0.99      0.99      1267
        java       0.97      0.99      0.98       104
  javascript       0.98      0.97      0.97       132
      groovy       0.94      0.83      0.88        18
      python       0.98      0.99      0.98        97
         xml       1.00      0.99      0.99       413
         yml       0.99      1.00      0.99      1372
         sql       1.00      1.00      1.00         5
       scala       1.00      0.95      0.98        21
          go       1.00      1.00      1.00        22
         php       1.00      1.00      1.00        14
       swift       1.00      1.00      1.00        10

    accuracy                           0.99      3535
   macro avg       0.99      0.98      0.98      3535
weighted avg       0.99      0.99      0.99      3535
